60
58
26
84
67
98
45
45
43
52
14
98
77
18
48
39
48
19
97
75
97
96
57
56
79
86
86
99
6
19
17
9
74
79
30
83
4
6
7
59
33
0
9
79
94
36
89
48
67
22
89
97
11
5
57
77
93
69
31
92
71
7
59
81
80
81
15
17
84
49
30
64
76
39
19
25
11
47
52
36
73
29
10
36
85
23
71
48
82
17
2
79
84
32
48
43
58
1
12
99
50
71
94
45
32
76
15
47
95
60
65
10
48
95
15
37
76
41
57
88
34
81
98
12
44
99
97
72
48
67
38
23
39
70
70
17
69
76
31
60
50
65
59
91
81
22
75
62
96
39
13
85
53
18
31
56
36
87
38
0
22
23
46
74
6
4
67
97
58
91
30
86
37
45
12
10
68
72
92
84
67
65
11
20
47
80
49
1
90
36
18
38
87
69
21
13
75
4
16
92
9
89
68
96
27
64
37
96
77
18
62
4
4
12
36
37
31
30
64
72
38
18
3
22
45
96
17
26
83
38
42
23
61
93
18
22
73
3
81
76
64
40
59
60
52
91
4
51
91
21
4
73
82
66
86
93
90
33
96
55
57
27
77
9
9
72
30
4
86
65
30
80
45
45
68
62
69
43
51
35
21
54
18
21
69
91
10
11
3
72
53
86
74
18
89
75
66
2
62
10
34
26
1
88
76
91
34
12
15
26
8
8
11
86
5
74
0
49
29
23
89
69
4
73
5
3
37
57
33
15
49
83
66
66
93
65
52
36
12
12
20
30
80
91
11
84
61
82
69
13
35
14
10
67
2
18
3
7
69
90
4
63
87
53
81
94
51
46
47
81
42
48
75
82
75
59
38
71
82
55
44
22
50
59
67
4
65
23
63
53
43
58
4
45
8
59
88
77
11
40
63
49
4
58
49
47
84
33
32
2
36
39
40
60
48
67
68
78
39
83
37
17
13
98
41
30
16
97
22
59
48
83
50
2
14
37
68
15
52
44
33
78
51
60
25
87
10
97
0
10
63
61
6
43
60
78
39
86
72
55
67
45
63
86
18
98
56
24
32
28
62
49
9
35
16
84
55
16
19
6
41
11
29
79
69
4
55
53
42
77
26
13
12
37
56
10
68
74
87
69
87
62
0
23
12
96
6
81
23
46
68
97
10
43
89
88
90
79
71
52
10
58
20
24
16
2
6
70
64
90
33
87
96
15
44
95
90
67
48
21
61
73
57
91
78
84
7
39
54
12
16
62
66
74
69
78
40
57
86
63
38
85
72
90
92
93
74
0
14
58
88
67
92
70
81
20
15
47
55
54
33
7
13
79
48
73
61
80
39
28
68
96
22
89
39
53
57
67
11
59
18
78
38
42
52
91
81
83
15
84
62
32
61
89
67
37
54
19
56
74
89
34
83
65
64
8
34
74
71
89
75
40
0
86
8
8
90
55
80
68
55
62
7
69
84
49
62
37
50
64
87
68
7
23
8
36
28
67
38
96
25
88
22
54
93
84
55
4
93
79
20
44
64
26
46
45
42
19
49
98
62
79
60
59
61
87
10
46
77
18
37
87
75
63
55
53
98
42
84
13
9
65
91
79
92
61
63
88
90
24
25
25
39
89
61
21
73
95
31
46
85
0
69
23
2
62
3
98
69
89
66
25
75
28
81
48
92
4
30
57
4
7
42
53
5
58
17
75
65
42
53
42
78
34
97
92
61
6
89
13
79
33
89
75
91
20
27
0
84
70
55
46
29
44
59
16
8
98
52
37
89
49
24
66
78
0
85
86
24
2
50
85
36
66
97
95
11
9
65
46
3
66
35
50
48
79
73
82
84
65
54
92
8
26
25
27
31
14
45
25
44
42
10
99
24
43
70
73
77
0
99
58
15
43
92
65
2
33
95
80
5
66
91
34
70
99
56
76
94
24
61
17
32
58
48
46
90
69
45
41
69
96
56
54
15
82
72
4
30
5
11
30
95
90
76
9
60
39
53
38
15
13
17
38
17
95
9
39
20
64
20
7
90
73
25
59
14
51
26
21
4
87
23
7
85
21
88
95
57
51
71
17
22
82
38
20
78
48
89
85
1
92
69
71
80
84
66
48
82
21
46
77
61
16
39
23
25
66
2
58
74
30
63
96
47
63
87
91
36
69
83
85
16
5
63
85
16
72
62
30
33
81
37
12
80
7
40
99
89
7
8
84
2
20
20
8
98
32
63
27
90
86
21
70
94
18
70
53
69
77
46
24
48
16
9
38
50
0
38
87